DIR		38;5;143
LINK		38;5;51
EXEC		38;5;46
SOCK		38;5;239

BLK		38;5;245
CHR		38;5;250
FIFO		38;5;255

ORPHAN		1;37;41

# Let the missing file inherit the actual color of the file, had it existed

# MISSING	37;41

*.elc		38;5;103
*.el		38;5;189

*.c		38;5;218
*.cc		38;5;219
*.cpp		38;5;219
*.java		38;5;219

*.h		38;5;224
*.hpp		38;5;224
*.hh		38;5;224
*.def		38;5;224

*.m4		38;5;230
*.in		38;5;230
*.l		38;5;230
*.y		38;5;230

*Makefile	38;5;49
*.am		38;5;48
*.ac		38;5;48

*.conf		38;5;217
*.cfg		38;5;217
*.spec		38;5;217
*rc		38;5;217
*.cvsignore	38;5;217

*.log		38;5;216
*.cache		38;5;216
*.bak		38;5;216
*~		38;5;216

*.o		38;5;132
*.lo		38;5;132
*.a		38;5;132
*.la		38;5;132
*.ko		38;5;132
*.class		38;5;132

*.pdf		38;5;105
*.ps		38;5;105
*.eps		38;5;105
*.info		38;5;104
*.tex		38;5;104
*.bib		38;5;104
*.ppt		38;5;63
*.sxi		38;5;63
*.sxw		38;5;63
*.doc		38;5;63
*.htm		38;5;147
*.html		38;5;147
*.xml		38;5;147
*.sgml		38;5;147

*.mp2		38;5;180
*.mp3		38;5;180
*.m4a		38;5;180
*.ogg		38;5;180
*.rm		38;5;180
*.wma		38;5;180
*.wav		38;5;180
*.flac		38;5;180
*.aac		38;5;180

*.mpg		38;5;181
*.avi		38;5;181
*.wmv		38;5;181
*.asf		38;5;181
*.mov		38;5;181
*.dat		38;5;181
*.3gp		38;5;181
*.flv		38;5;181
*.mp4		38;5;181
*.mkv		38;5;181

*.cmd		38;5;40
*.exe		38;5;40
*.com		38;5;40
*.btm		38;5;40
*.bat		38;5;40
*.dll		38;5;40

*.gif		38;5;203
*.png		38;5;203
*.ico		38;5;203
*.jpg		38;5;209
*.bmp		38;5;209
*.xpm		38;5;209
*.svg		38;5;209

*.thm		38;5;215

*.gpg		38;5;184
*.asc		38;5;184

*.bz2		38;5;226
*.tgz		38;5;227
*.gz		38;5;227
*.tar		38;5;228
*.7z		38;5;229
*.zip		38;5;229
*.xpi		38;5;229
*.rar		38;5;229
*.rpm		38;5;230
*.jar		38;5;231

*README		38;5;196
*AUTHORS	38;5;196
*NEWS		38;5;196
*LICENSE	38;5;196
*ChangeLog	38;5;196
*INSTALL	38;5;196
*TODO		38;5;196
*COPYING	38;5;196
*BUGS		38;5;196
*VERSION	38;5;196
